title: geoff
energy units: kcal/mol
         0  0.000000E+00        30
  1.000000E+01  1.000000E+01  1.000000E+01  1.000000E+01  1.000000E+01
  1.000000E+01  1.000000E+01  1.000000E+01  1.000000E+01  1.000000E+01
  1.000000E+01  1.000000E+01  1.000000E+01  1.000000E+01  1.000000E+01
  1.000000E+01  1.000000E+01  1.000000E+01  1.000000E+01  1.000000E+01
  1.000000E+01  1.000000E+01  1.000000E+01  1.000000E+01  1.000000E+01
  1.000000E+01  1.000000E+01  1.000000E+01  1.000000E+01  1.000000E+01
         1  1.000000E+00        30
  1.000000E+01  1.000000E+01  1.000000E+01  1.000000E+01  1.000000E+01
  1.000000E+01  1.000000E+01  1.000000E+01  1.000000E+01  1.000000E+01
  1.000000E+01  1.000000E+01  1.000000E+01  1.000000E+01  1.000000E+01
  1.000000E+01  1.000000E+01  1.000000E+01  1.000000E+01  1.000000E+01
  1.000000E+01  1.000000E+01  1.000000E+01  1.000000E+01  1.000000E+01
  1.000000E+01  1.000000E+01  1.000000E+01  1.000000E+01  1.000000E+01
         2  2.000000E+00        30
  1.000000E+01  1.000000E+01  1.000000E+01  1.000000E+01  1.000000E+01
  1.000000E+01  1.000000E+01  1.000000E+01  1.000000E+01  1.000000E+01
  1.000000E+01  1.000000E+01  1.000000E+01  1.000000E+01  1.000000E+01
  1.000000E+01  1.000000E+01  1.000000E+01  1.000000E+01  1.000000E+01
  1.000000E+01  1.000000E+01  1.000000E+01  1.000000E+01  1.000000E+01
  1.000000E+01  1.000000E+01  1.000000E+01  1.000000E+01  1.000000E+01
